Profile 1             
x       y           
[m]     [m]         
0  2,3459095e-007            
0,00011124846  2,5414773e-007            
0,00022249693  2,7547712e-007            
0,00033374539  2,9661325e-007            
0,00044499385  3,1579183e-007            
0,00055624232  3,3198409e-007            
0,00066749078  3,4485361e-007            
0,00077873924  3,543921e-007            
0,00088998771  3,6053921e-007            
0,0010012362  3,6303229e-007            
0,0011124846  3,6168876e-007            
0,0012237331  3,5694712e-007            
0,0013349816  3,5003116e-007            
0,00144623  3,4237804e-007            
0,0015574785  3,3485893e-007            
0,001668727  3,2759035e-007            
0,0017799754  3,2036787e-007            
0,0018912239  3,1308234e-007            
0,0020024723  3,0578498e-007            
0,0021137208  2,9867315e-007            
0,0022249693  2,9221134e-007            
0,0023362177  2,8715315e-007            
0,0024474662  2,8422996e-007            
0,0025587147  2,8368517e-007            
0,0026699631  2,8499565e-007            
0,0027812116  2,869453e-007            
0,0028924601  2,8809464e-007            
0,0030037085  2,8755536e-007            
0,003114957  2,8557689e-007            
0,0032262054  2,8328393e-007            
0,0033374539  2,816263e-007            
0,0034487024  2,8058975e-007            
0,0035599508  2,795639e-007            
0,0036711993  2,7841992e-007            
0,0037824478  2,7797597e-007            
0,0038936962  2,7926224e-007            
0,0040049447  2,8241194e-007            
0,0041161931  2,8640099e-007            
0,0042274416  2,89867e-007            
0,0043386901  2,9208975e-007            
0,0044499385  2,9319191e-007            
0,004561187  2,9358508e-007            
0,0046724355  2,9339855e-007            
0,0047836839  2,923895e-007            
0,0048949324  2,9022758e-007            
0,0050061809  2,8684595e-007            
0,0051174293  2,8265941e-007            
0,0052286778  2,7847292e-007            
0,0053399262  2,7502241e-007            
0,0054511747  2,7249389e-007            
0,0055624232  2,7048981e-007            
0,0056736716  2,6836448e-007            
0,0057849201  2,6542664e-007            
0,0058961686  2,6093714e-007            
0,006007417  2,5435066e-007            
0,0061186655  2,4586083e-007            
0,006229914  2,3660408e-007            
0,0063411624  2,2808959e-007            
0,0064524109  2,2131595e-007            
0,0065636593  2,1632372e-007            
0,0066749078  2,1236578e-007            
0,0067861563  2,0841491e-007            
0,0068974047  2,0376521e-007            
0,0070086532  1,9848097e-007            
0,0071199017  1,9333909e-007            
0,0072311501  1,8921636e-007            
0,0073423986  1,8641031e-007            
0,0074536471  1,8445194e-007            
0,0075648955  1,8252e-007            
0,007676144  1,8008548e-007            
0,0077873924  1,7727591e-007            
0,0078986409  1,7467426e-007            
0,0080098894  1,7274195e-007            
0,0081211378  1,7139407e-007            
0,0082323863  1,7010128e-007            
0,0083436348  1,6835813e-007            
0,0084548832  1,660046e-007            
0,0085661317  1,631275e-007            
0,0086773802  1,5980598e-007            
0,0087886286  1,5610596e-007            
0,0088998771  1,5229068e-007            
0,0090111255  1,4883777e-007            
0,009122374  1,4611462e-007            
0,0092336225  1,4408707e-007            
0,0093448709  1,4242054e-007            
0,0094561194  1,4080738e-007            
0,0095673679  1,3912487e-007            
0,0096786163  1,3736909e-007            
0,0097898648  1,3561738e-007            
0,0099011133  1,3410215e-007            
0,010012362  1,3317871e-007            
0,01012361  1,3305441e-007            
0,010234859  1,3352689e-007            
0,010346107  1,3408699e-007            
0,010457356  1,3433884e-007            
0,010568604  1,3428674e-007            
0,010679852  1,3421173e-007            
0,010791101  1,343739e-007            
0,010902349  1,3492321e-007            
0,011013598  1,3606005e-007            
0,011124846  1,3818155e-007            
0,011236095  1,4179328e-007            
0,011347343  1,4719896e-007            
0,011458592  1,5418514e-007            
0,01156984  1,6196904e-007            
0,011681089  1,695224e-007            
0,011792337  1,7611632e-007            
0,011903586  1,8173741e-007            
0,012014834  1,8705718e-007            
0,012126083  1,929481e-007            
0,012237331  1,9991927e-007            
0,012348579  2,0790671e-007            
0,012459828  2,1652919e-007            
0,012571076  2,2553615e-007            
0,012682325  2,3503103e-007            
0,012793573  2,4521299e-007            
0,012904822  2,5577983e-007            
0,01301607  2,655662e-007            
0,013127319  2,7300851e-007            
0,013238567  2,7733291e-007            
0,013349816  2,7947143e-007            
0,013461064  2,8171566e-007            
0,013572313  2,8626698e-007            
0,013683561  2,9393181e-007            
0,013794809  3,0401488e-007            
0,013906058  3,1524726e-007            
0,014017306  3,2666131e-007            
0,014128555  3,3756778e-007            
0,014239803  3,4688035e-007            
0,014351052  3,5280275e-007            
0,0144623  3,5352128e-007            
0,014573549  3,4848689e-007            
0,014684797  3,3926166e-007            
0,014796046  3,291967e-007            
0,014907294  3,2199958e-007            
0,015018543  3,2001538e-007            
0,015129791  3,2334637e-007            
0,015241039  3,3042729e-007            
0,015352288  3,3947297e-007            
0,015463536  3,4959733e-007            
0,015574785  3,6069911e-007            
0,015686033  3,725573e-007            
0,015797282  3,8430314e-007            
0,01590853  3,9476292e-007            
0,016019779  4,0300213e-007            
0,016131027  4,0832148e-007            
0,016242276  4,099759e-007            
0,016353524  4,0742586e-007            
0,016464773  4,0114257e-007            
0,016576021  3,9299462e-007            
0,01668727  3,8548183e-007            
0,016798518  3,8027092e-007            
0,016909766  3,7717791e-007            
0,017021015  3,7434882e-007            
0,017132263  3,6954041e-007            
0,017243512  3,6171486e-007            
0,01735476  3,5186892e-007            
0,017466009  3,4238475e-007            
0,017577257  3,3524053e-007            
0,017688506  3,3043306e-007            
0,017799754  3,2590369e-007            
0,017911003  3,1899515e-007            
0,018022251  3,0820927e-007            
0,0181335  2,9398884e-007            
0,018244748  2,7820458e-007            
0,018355996  2,6293308e-007            
0,018467245  2,4939317e-007            
0,018578493  2,3763143e-007            
0,018689742  2,2697063e-007            
0,01880099  2,1674642e-007            
0,018912239  2,0680255e-007            
0,019023487  1,9752321e-007            
0,019134736  1,895101e-007            
0,019245984  1,8317413e-007            
0,019357233  1,7851358e-007            
0,019468481  1,7520337e-007            
0,01957973  1,7288695e-007            
0,019690978  1,7141817e-007            
0,019802227  1,7088255e-007            
0,019913475  1,7147603e-007            
0,020024723  1,7348374e-007            
0,020135972  1,7743892e-007            
0,02024722  1,8420105e-007            
0,020358469  1,9468241e-007            
0,020469717  2,093774e-007            
0,020580966  2,2811897e-007            
0,020692214  2,5026242e-007            
0,020803463  2,7515442e-007            
0,020914711  3,0256704e-007            
0,02102596  3,3263688e-007            
0,021137208  3,6495655e-007            
0,021248457  3,9727586e-007            
0,021359705  4,2523849e-007            
0,021470953  4,4415225e-007            
0,021582202  4,5171189e-007            
0,02169345  4,4922689e-007            
0,021804699  4,4036396e-007            
0,021915947  4,2902777e-007            
0,022027196  4,1835617e-007            
0,022138444  4,1082568e-007            
0,022249693  4,0826898e-007            
0,022360941  4,1148044e-007            
0,02247219  4,2008084e-007            
0,022583438  4,3298673e-007            
0,022694687  4,49059e-007            
0,022805935  4,6737876e-007            
0,022917183  4,8703453e-007            
0,023028432  5,067975e-007            
0,02313968  5,2514868e-007            
0,023250929  5,4091308e-007            
0,023362177  5,5332044e-007            
0,023473426  5,6153883e-007            
0,023584674  5,6426944e-007            
0,023695923  5,6047503e-007            
0,023807171  5,5087296e-007            
0,02391842  5,3832244e-007            
0,024029668  5,2603167e-007            
0,024140917  5,1504429e-007            
0,024252165  5,0358544e-007            
0,024363414  4,8900752e-007            
0,024474662  4,7036975e-007            
0,02458591  4,4919745e-007            
0,024697159  4,2808007e-007            
0,024808407  4,0888066e-007            
0,024919656  3,9217053e-007            
0,025030904  3,777708e-007            
0,025142153  3,6527214e-007            
0,025253401  3,5398783e-007            
0,02536465  3,4282865e-007            
0,025475898  3,3070203e-007            
0,025587147  3,172052e-007            
0,025698395  3,0280162e-007            
0,025809644  2,882136e-007            
0,025920892  2,7374377e-007            
0,02603214  2,5930203e-007            
0,026143389  2,4498241e-007            
0,026254637  2,3140024e-007            
0,026365886  2,1942888e-007            
0,026477134  2,0973331e-007            
0,026588383  2,0259661e-007            
0,026699631  1,9807211e-007            
0,02681088  1,9619935e-007            
0,026922128  1,9712058e-007            
0,027033377  2,0107475e-007            
0,027144625  2,0825771e-007            
0,027255874  2,1861516e-007            
0,027367122  2,3176092e-007            
0,02747837  2,4709638e-007            
0,027589619  2,6396069e-007            
0,027700867  2,8170745e-007            
0,027812116  2,9987925e-007            
0,027923364  3,1857243e-007            
0,028034613  3,3864157e-007            
0,028145861  3,612472e-007            
0,02825711  3,8678679e-007            
0,028368358  4,1402055e-007            
0,028479607  4,4034109e-007            
0,028590855  4,6330356e-007            
0,028702104  4,8241927e-007            
0,028813352  4,9983455e-007            
0,028924601  5,1914829e-007            
0,029035849  5,4281037e-007            
0,029147097  5,6970701e-007            
0,029258346  5,9494264e-007            
0,029369594  6,1254928e-007            
0,029480843  6,1925937e-007            
0,029592091  6,1619938e-007            
0,02970334  6,0736294e-007            
0,029814588  5,9682974e-007            
0,029925837  5,8722342e-007            
0,030037085  5,7984922e-007            
0,030148334  5,7533991e-007            
0,030259582  5,7391397e-007            
0,030370831  5,7528347e-007            
0,030482079  5,7850002e-007            
0,030593327  5,8181499e-007            
0,030704576  5,8270584e-007            
0,030815824  5,7840439e-007            
0,030927073  5,6695828e-007            
0,031038321  5,481598e-007            
0,03114957  5,2373032e-007            
0,031260818  4,9631561e-007            
0,031372067  4,6792225e-007            
0,031483315  4,3904752e-007            
0,031594564  4,0917827e-007            
0,031705812  3,7815969e-007            
0,031817061  3,4718131e-007            
0,031928309  3,1851702e-007            
0,032039557  2,9426532e-007            
0,032150806  2,7520863e-007            
0,032262054  2,6075972e-007            
0,032373303  2,4986798e-007            
0,032484551  2,4188035e-007            
0,0325958  2,3664016e-007            
0,032707048  2,340414e-007            
0,032818297  2,337046e-007            
0,032929545  2,351271e-007            
0,033040794  2,3810737e-007            
0,033152042  2,4295777e-007            
0,033263291  2,502249e-007            
0,033374539  2,601627e-007            
0,033485788  2,7247385e-007            
0,033597036  2,8652886e-007            
0,033708284  3,0183052e-007            
0,033819533  3,1841764e-007            
0,033930781  3,3703048e-007            
0,03404203  3,5886023e-007            
0,034153278  3,8475427e-007            
0,034264527  4,1413828e-007            
0,034375775  4,4441372e-007            
0,034487024  4,7162699e-007            
0,034598272  4,9244235e-007            
0,034709521  5,0623585e-007            
0,034820769  5,1559321e-007            
0,034932018  5,2455155e-007            
0,035043266  5,358594e-007            
0,035154514  5,4945512e-007            
0,035265763  5,6327819e-007            
0,035377011  5,7542726e-007            
0,03548826  5,856126e-007            
0,035599508  5,9482159e-007            
0,035710757  6,0390929e-007            
0,035822005  6,1249331e-007            
0,035933254  6,1878914e-007            
0,036044502  6,2017162e-007            
0,036155751  6,1409546e-007            
0,036266999  5,990963e-007            
0,036378248  5,7547722e-007            
0,036489496  5,4532035e-007            
0,036600744  5,1188741e-007            
0,036711993  4,7875314e-007            
0,036823241  4,4883921e-007            
0,03693449  4,2344189e-007            
0,037045738  4,0173428e-007            
0,037156987  3,8138914e-007            
0,037268235  3,6020944e-007            
0,037379484  3,3760639e-007            
0,037490732  3,147935e-007            
0,037601981  2,9380463e-007            
0,037713229  2,7643795e-007            
0,037824478  2,6387081e-007            
0,037935726  2,5668739e-007            
0,038046975  2,5478751e-007            
0,038158223  2,5723636e-007            
0,038269471  2,6254314e-007            
0,03838072  2,6949484e-007            
0,038491968  2,7796456e-007            
0,038603217  2,8892707e-007            
0,038714465  3,0359099e-007            
0,038825714  3,2242445e-007            
0,038936962  3,4482633e-007            
0,039048211  3,6942559e-007            
0,039159459  3,9446738e-007            
0,039270708  4,1804582e-007            
0,039381956  4,3849829e-007            
0,039493205  4,550835e-007            
0,039604453  4,684824e-007            
0,039715701  4,8052961e-007            
0,03982695  4,9314209e-007            
0,039938198  5,0707187e-007            
0,040049447  5,2124519e-007            
0,040160695  5,3305765e-007            
0,040271944  5,3946243e-007            
0,040383192  5,3828731e-007            
0,040494441  5,2908537e-007            
0,040605689  5,1311852e-007            
0,040716938  4,9266041e-007            
0,040828186  4,7016851e-007            
0,040939435  4,4771751e-007            
0,041050683  4,2671943e-007            
0,041161931  4,0782082e-007            
0,04127318  3,9096893e-007            
0,041384428  3,7569012e-007            
0,041495677  3,6148459e-007            
0,041606925  3,4808906e-007            
0,041718174  3,3544125e-007            
0,041829422  3,2344111e-007            
0,041940671  3,1172369e-007            
0,042051919  2,9956025e-007            
0,042163168  2,8596732e-007            
0,042274416  2,701481e-007            
0,042385665  2,5215925e-007            
0,042496913  2,3328492e-007            
0,042608162  2,1567068e-007            
0,04271941  2,0141281e-007            
0,042830658  1,9175425e-007            
0,042941907  1,8685012e-007            
0,043053155  1,8609914e-007            
0,043164404  1,8873672e-007            
0,043275652  1,9430028e-007            
0,043386901  2,0269111e-007            
0,043498149  2,1390442e-007            
0,043609398  2,2784051e-007            
0,043720646  2,4446985e-007            
0,043831895  2,6402957e-007            
0,043943143  2,8668719e-007            
0,044054392  3,1173892e-007            
0,04416564  3,3716023e-007            
0,044276888  3,6014416e-007            
0,044388137  3,7834138e-007            
0,044499385  3,9092024e-007            
0,044610634  3,9878393e-007            
0,044721882  4,0391591e-007            
0,044833131  4,0832799e-007            
0,044944379  4,1319285e-007            
0,045055628  4,1847089e-007            
0,045166876  4,2296625e-007            
0,045278125  4,2466516e-007            
0,045389373  4,2141759e-007            
0,045500622  4,1196427e-007            
0,04561187  3,9679626e-007            
0,045723118  3,7810597e-007            
0,045834367  3,5872986e-007            
0,045945615  3,4084156e-007            
0,046056864  3,252524e-007            
0,046168112  3,1155103e-007            
0,046279361  2,9872287e-007            
0,046390609  2,8576082e-007            
0,046501858  2,7199832e-007            
0,046613106  2,5719288e-007            
0,046724355  2,4154531e-007            
0,046835603  2,2567855e-007            
0,046946852  2,1062416e-007            
0,0470581  1,9753171e-007            
0,047169349  1,8725184e-007            
0,047280597  1,8002784e-007            
0,047391845  1,7553884e-007            
0,047503094  1,733079e-007            
0,047614342  1,7317637e-007            
0,047725591  1,7542244e-007            
0,047836839  1,8039201e-007            
0,047948088  1,8800074e-007            
0,048059336  1,9759121e-007            
0,048170585  2,0822575e-007            
0,048281833  2,1907043e-007            
0,048393082  2,2954817e-007            
0,04850433  2,3927914e-007            
0,048615579  2,480428e-007            
0,048726827  2,558836e-007            
0,048838075  2,632048e-007            
0,048949324  2,7060555e-007            
0,049060572  2,7849642e-007            
0,049171821  2,868491e-007            
0,049283069  2,9531027e-007            
0,049394318  3,0349001e-007            
0,049505566  3,1112684e-007            
0,049616815  3,1810587e-007            
0,049728063  3,2446574e-007            
0,049839312  3,3036439e-007            
0,04995056  3,3579877e-007            
0,050061809  3,4004826e-007            
0,050173057  3,4131491e-007            
0,050284305  3,372765e-007            
0,050395554  3,2655734e-007            
0,050506802  3,0993065e-007            
0,050618051  2,9001295e-007            
0,050729299  2,6971516e-007            
0,050840548  2,509196e-007            
0,050951796  2,3426496e-007            
0,051063045  2,1962686e-007            
0,051174293  2,0659661e-007            
0,051285542  1,9480906e-007            
0,05139679  1,8418519e-007            
0,051508039  1,7494806e-007            
0,051619287  1,6733924e-007            
0,051730536  1,6132105e-007            
0,051841784  1,566002e-007            
0,051953032  1,5293616e-007            
0,052064281  1,5040437e-007            
0,052175529  1,493956e-007            
0,052286778  1,5042606e-007            
0,052398026  1,5391825e-007            
0,052509275  1,5997383e-007            
0,052620523  1,6814475e-007            
0,052731772  1,7740599e-007            
0,05284302  1,8654439e-007            
0,052954269  1,9481614e-007            
0,053065517  2,0241657e-007            
0,053176766  2,1042257e-007            
0,053288014  2,202229e-007            
0,053399262  2,3272808e-007            
0,053510511  2,4776404e-007            
0,053621759  2,6397973e-007            
0,053733008  2,7932144e-007            
0,053844256  2,9178594e-007            
0,053955505  3,0001418e-007            
0,054066753  3,0346772e-007            
0,054178002  3,0230626e-007            
0,05428925  2,9728459e-007            
0,054400499  2,8977317e-007            
0,054511747  2,8163702e-007            
0,054622996  2,7465722e-007            
0,054734244  2,6961021e-007            
0,054845493  2,6570817e-007            
0,054956741  2,609359e-007            
0,055067989  2,5323763e-007            
0,055179238  2,4172162e-007            
0,055290486  2,2705776e-007            
0,055401735  2,1099339e-007            
0,055512983  1,9555511e-007            
0,055624232  1,8243171e-007            
0,05573548  1,726006e-007            
0,055846729  1,6613576e-007            
0,055957977  1,6231965e-007            
0,056069226  1,601349e-007            
0,056180474  1,5883426e-007            
0,056291723  1,5813716e-007            
0,056402971  1,5799738e-007            
0,056514219  1,5836101e-007            
0,056625468  1,5925761e-007            
0,056736716  1,6103156e-007            
0,056847965  1,6426968e-007            
0,056959213  1,6941246e-007            
0,057070462  1,7653478e-007            
0,05718171  1,8553945e-007            
0,057292959  1,9632416e-007            
0,057404207  2,0842567e-007            
0,057515456  2,2044261e-007            
0,057626704  2,3014002e-007            
0,057737953  2,3557853e-007            
0,057849201  2,363752e-007            
0,057960449  2,3384607e-007            
0,058071698  2,299272e-007            
0,058182946  2,2605466e-007            
0,058294195  2,2297466e-007            
0,058405443  2,2113206e-007            
0,058516692  2,2069256e-007            
0,05862794  2,2108448e-007            
0,058739189  2,2088014e-007            
0,058850437  2,1851902e-007            
0,058961686  2,1328975e-007            
0,059072934  2,056392e-007            
0,059184183  1,9665543e-007            
0,059295431  1,8737896e-007            
0,05940668  1,7850919e-007            
0,059517928  1,7046722e-007            
0,059629176  1,6349688e-007            
0,059740425  1,5767482e-007            
0,059851673  1,5291652e-007            
0,059962922  1,4906491e-007            
0,06007417  1,4603966e-007            
0,060185419  1,439421e-007            
0,060296667  1,4300783e-007            
0,060407916  1,4342101e-007            
0,060519164  1,4517914e-007            
0,060630413  1,4818507e-007            
0,060741661  1,5244217e-007            
0,06085291  1,5799077e-007            
0,060964158  1,6451057e-007            
0,061075406  1,7110029e-007            
0,061186655  1,7674253e-007            
0,061297903  1,8112166e-007            
0,061409152  1,8485679e-007            
0,0615204  1,8878482e-007            
0,061631649  1,9302132e-007            
0,061742897  1,9678664e-007            
0,061854146  1,9916917e-007            
0,061965394  2,000486e-007            
0,062076643  2,0025424e-007            
0,062187891  2,0078367e-007            
0,06229914  2,0182708e-007            
0,062410388  2,0253788e-007            
0,062521636  2,0171024e-007            
0,062632885  1,9877204e-007            
0,062744133  1,9417185e-007            
0,062855382  1,8891447e-007            
0,06296663  1,8374791e-007            
0,063077879  1,7869441e-007            
0,063189127  1,7326654e-007            
0,063300376  1,6711706e-007            
0,063411624  1,604994e-007            
0,063522873  1,5412203e-007            
0,063634121  1,4859777e-007            
0,06374537  1,4404641e-007            
0,063856618  1,4016208e-007            
0,063967867  1,3660615e-007            
0,064079115  1,3340002e-007            
0,064190363  1,3104687e-007            
0,064301612  1,3025431e-007            
0,06441286  1,3141486e-007            
0,064524109  1,3430462e-007            
0,064635357  1,3832626e-007            
0,064746606  1,4301972e-007            
0,064857854  1,4824081e-007            
0,064969103  1,5385963e-007            
0,065080351  1,5946227e-007            
0,0651916  1,6450764e-007            
0,065302848  1,6879485e-007            
0,065414097  1,7271206e-007            
0,065525345  1,7692837e-007            
0,065636593  1,8168234e-007            
0,065747842  1,8623523e-007            
0,06585909  1,8908612e-007            
0,065970339  1,8897162e-007            
0,066081587  1,8586102e-007            
0,066192836  1,8103216e-007            
0,066304084  1,7616386e-007            
0,066415333  1,7226398e-007            
0,066526581  1,6924357e-007            
0,06663783  1,6628685e-007            
0,066749078  1,6259938e-007            
0,066860327  1,5794366e-007            
0,066971575  1,5260672e-007            
0,067082823  1,4697822e-007            
0,067194072  1,4126377e-007            
0,06730532  1,3559755e-007            
0,067416569  1,303013e-007            
0,067527817  1,2593128e-007            
0,067639066  1,230847e-007            
0,067750314  1,2218384e-007            
0,067861563  1,2338167e-007            
0,067972811  1,2655826e-007            
0,06808406  1,3131403e-007            
0,068195308  1,369298e-007            
0,068306557  1,423976e-007            
0,068417805  1,4668954e-007            
0,068529054  1,4924557e-007            
0,068640302  1,5034222e-007            
0,06875155  1,5097205e-007            
0,068862799  1,5227469e-007            
0,068974047  1,5496708e-007            
0,069085296  1,5913328e-007            
0,069196544  1,643086e-007            
0,069307793  1,6961625e-007            
0,069419041  1,7393924e-007            
0,06953029  1,7626254e-007            
0,069641538  1,7609098e-007            
0,069752787  1,736175e-007            
0,069864035  1,6952346e-007            
0,069975284  1,6466291e-007            
0,070086532  1,5986253e-007            
0,07019778  1,5577757e-007            
0,070309029  1,5273281e-007            
0,070420277  1,5060539e-007            
0,070531526  1,4900511e-007            
0,070642774  1,4747625e-007            
0,070754023  1,4562553e-007            
0,070865271  1,431697e-007            
0,07097652  1,3999745e-007            
0,071087768  1,3624921e-007            
0,071199017  1,3229915e-007            
0,071310265  1,2856064e-007            
0,071421514  1,2524958e-007            
0,071532762  1,2236599e-007            
0,07164401  1,199284e-007            
0,071755259  1,1814597e-007            
0,071866507  1,1726721e-007            
0,071977756  1,173115e-007            
0,072089004  1,1810157e-007            
0,072200253  1,1959613e-007            
0,072311501  1,2205117e-007            
0,07242275  1,2573104e-007            
0,072533998  1,3048739e-007            
0,072645247  1,3569209e-007            
0,072756495  1,4058025e-007            
0,072867744  1,4465381e-007            
0,072978992  1,4782703e-007            
0,073090241  1,502519e-007            
0,073201489  1,5198065e-007            
0,073312737  1,5275352e-007            
0,073423986  1,5211652e-007            
0,073535234  1,4975164e-007            
0,073646483  1,4570111e-007            
0,073757731  1,4034742e-007            
0,07386898  1,3427442e-007            
0,073980228  1,2813444e-007            
0,074091477  1,2251563e-007            
0,074202725  1,1780892e-007            
0,074313974  1,1415074e-007            
0,074425222  1,1149463e-007            
0,074536471  1,0977151e-007            
0,074647719  1,0901962e-007            
0,074758967  1,0933088e-007            
0,074870216  1,1059115e-007            
0,074981464  1,1227941e-007            
0,075092713  1,1365366e-007            
0,075203961  1,1425385e-007            
0,07531521  1,1424542e-007            
0,075426458  1,1427108e-007            
0,075537707  1,1499566e-007            
0,075648955  1,1676315e-007            
0,075760204  1,1953069e-007            
0,075871452  1,2294601e-007            
0,075982701  1,2646029e-007            
0,076093949  1,2951485e-007            
0,076205197  1,3176947e-007            
0,076316446  1,3317708e-007            
0,076427694  1,3382294e-007            
0,076538943  1,3375644e-007            
0,076650191  1,3306028e-007            
0,07676144  1,3202379e-007            
0,076872688  1,3106776e-007            
0,076983937  1,3038054e-007            
0,077095185  1,2965904e-007            
0,077206434  1,2830448e-007            
0,077317682  1,2593713e-007            
0,077428931  1,2272955e-007            
0,077540179  1,1923027e-007            
0,077651428  1,158907e-007            
0,077762676  1,1281206e-007            
0,077873924  1,0992628e-007            
0,077985173  1,0730659e-007            
0,078096421  1,0521877e-007            
0,07820767  1,0390273e-007            
0,078318918  1,0338374e-007            
0,078430167  1,0350987e-007            
0,078541415  1,0416631e-007            
0,078652664  1,0538082e-007            
0,078763912  1,0718585e-007            
0,078875161  1,0940891e-007            
0,078986409  1,1167248e-007            
0,079097658  1,136462e-007            
0,079208906  1,1529578e-007            
0,079320154  1,1684805e-007            
0,079431403  1,1847904e-007            
0,079542651  1,2006732e-007            
0,0796539  1,2131545e-007            
0,079765148  1,2207071e-007            
0,079876397  1,2239514e-007            
0,079987645  1,2231042e-007            
0,080098894  1,2163243e-007            
0,080210142  1,2016165e-007            
0,080321391  1,1796034e-007            
0,080432639  1,1532948e-007            
0,080543888  1,1251623e-007            
0,080655136  1,0951385e-007            
0,080766384  1,0615812e-007            
0,080877633  1,0237618e-007            
0,080988881  9,8357005e-008            
0,08110013  9,4557587e-008            
0,081211378  9,1553402e-008            
0,081322627  8,9771417e-008            
0,081433875  8,9234042e-008            
0,081545124  8,9518859e-008            
0,081656372  9,0042815e-008            
0,081767621  9,0516808e-008            
0,081878869  9,1185889e-008            
0,081990118  9,2556932e-008            
0,082101366  9,4790789e-008            
0,082212615  9,7368481e-008            
0,082323863  9,9453624e-008            
0,082435111  1,006508e-007            
0,08254636  1,0140747e-007            
0,082657608  1,0266969e-007            
0,082768857  1,0516144e-007            
0,082880105  1,0896263e-007            
0,082991354  1,136389e-007            
0,083102602  1,1858851e-007            
0,083213851  1,2319362e-007            
0,083325099  1,2677175e-007            
0,083436348  1,2860327e-007            
0,083547596  1,2814298e-007            
0,083658845  1,2525407e-007            
0,083770093  1,2031164e-007            
0,083881341  1,1417591e-007            
0,08399259  1,0802502e-007            
0,084103838  1,029514e-007            
0,084215087  9,9398111e-008            
0,084326335  9,6878357e-008            
0,084437584  9,4412833e-008            
0,084548832  9,1451424e-008            
0,084660081  8,8402201e-008            
0,084771329  8,6202992e-008            
0,084882578  8,5401661e-008            
0,084993826  8,5703811e-008            
0,085105075  8,6349353e-008            
0,085216323  8,6818858e-008            
0,085327571  8,7195161e-008            
0,08543882  8,798418e-008            
0,085550068  8,9680634e-008            
0,085661317  9,2448446e-008            
0,085772565  9,6077841e-008            
0,085883814  1,0015751e-007            
0,085995062  1,0429461e-007            
0,086106311  1,0822042e-007            
0,086217559  1,1174486e-007            
0,086328808  1,1463429e-007            
0,086440056  1,1657842e-007            
0,086551305  1,1731496e-007            
0,086662553  1,1680487e-007            
0,086773802  1,1528813e-007            
0,08688505  1,1317425e-007            
0,086996298  1,1087903e-007            
0,087107547  1,0870582e-007            
0,087218795  1,0675105e-007            
0,087330044  1,0484467e-007            
0,087441292  1,0265536e-007            
0,087552541  9,998261e-008            
0,087663789  9,6987094e-008            
0,087775038  9,4104569e-008            
0,087886286  9,1711999e-008            
0,087997535  8,9862604e-008            
0,088108783  8,8325847e-008            
0,088220032  8,6891682e-008            
0,08833128  8,5665503e-008            
0,088442528  8,5061922e-008            
0,088553777  8,5461665e-008            
0,088665025  8,6848685e-008            
0,088776274  8,8818869e-008            
0,088887522  9,0979768e-008            
0,088998771  9,3310298e-008            
0,089110019  9,6081332e-008            
0,089221268  9,9451787e-008            
0,089332516  1,032007e-007            
0,089443765  1,068255e-007            
0,089555013  1,0982596e-007            
0,089666262  1,1192884e-007            
0,08977751  1,1318004e-007            
0,089888759  1,138666e-007            
0,090000007  1,1421827e-007            
0,090111255  1,1405786e-007            
0,090222504  1,1279696e-007            
0,090333752  1,0991886e-007            
0,090445001  1,0550741e-007            
0,090556249  1,0024701e-007            
0,090667498  9,4909452e-008            
0,090778746  8,9919068e-008            
0,090889995  8,5407403e-008            
0,091001243  8,1531751e-008            
0,091112492  7,8595302e-008            
0,09122374  7,6888919e-008            
0,091334989  7,6561576e-008            
0,091446237  7,7704261e-008            
0,091557485  8,0458497e-008            
0,091668734  8,4903417e-008            
0,091779982  9,079263e-008            
0,091891231  9,7453314e-008            
0,092002479  1,0402137e-007            
0,092113728  1,0983888e-007            
0,092224976  1,1466464e-007            
0,092336225  1,1853172e-007            
0,092447473  1,2144678e-007            
0,092558722  1,2328835e-007            
0,09266997  1,2403712e-007            
0,092781219  1,2407007e-007            
0,092892467  1,2410949e-007            
0,093003715  1,2474499e-007            
0,093114964  1,259259e-007            
0,093226212  1,2689883e-007            
0,093337461  1,2663026e-007            
0,093448709  1,2433113e-007            
0,093559958  1,197523e-007            
0,093671206  1,1323005e-007            
0,093782455  1,0556204e-007            
0,093893703  9,7717655e-008            
0,094004952  9,0525496e-008            
0,0941162  8,4459213e-008            
0,094227449  7,97317e-008            
0,094338697  7,6444886e-008            
